dim 30 30 30
putbox 4 7 1 4 10 16 1.0 0.54 0.0 1.0
putbox 10 13 1 4 10 16 1.0 0.54 0.0 1.0
putbox 4 7 0 1 10 16 1.0 1.0 1.0 1.0
putbox 10 13 0 1 10 16 1.0 1.0 1.0 1.0
putbox 4 7 4 6 10 13 0.39 0.66 0.22 1.0
putbox 10 13 4 6 10 13 0.39 0.66 0.22 1.0
putbox 4 13 6 15 8 17 0.39 0.66 0.22 1.0
putbox 5 12 6 15 8 17 1.0 1.0 1.0 1.0
putbox 2 4 10 14 10 12 0.39 0.66 0.22 1.0
putbox 13 15 10 14 10 12 0.39 0.66 0.22 1.0
putbox 2 4 7 10 10 13 0.19 0.19 0.19 1.0
putbox 13 15 7 10 10 13 0.19 0.19 0.19 1.0
putbox 3 14 15 28 8 15 0.39 0.66 0.22 1.0
cutbox 3 4 27 28 8 15
cutbox 13 14 27 28 8 15
putellipsoid 8 19 15 7 4 6 0.39 0.66 0.22 1.0
putsphere 4 19 12 4 1.0 1.0 1.0 1.0
putsphere 12 19 12 4 1.0 1.0 1.0 1.0
putbox 5 8 23 27 15 16 1.0 1.0 1.0 1.0
putbox 9 12 23 27 15 16 1.0 1.0 1.0 1.0
putbox 6 7 23 26 15 16 0.0 0.0 0.0 1.0
putbox 10 11 23 26 15 16 0.0 0.0 0.0 1.0
putbox 6 11 6 13 7 8 0.39 0.66 0.22 1.0
putbox 7 10 6 12 6 7 1.0 1.0 1.0 1.0
putbox 8 9 6 11 5 6 0.39 0.66 0.22 1.0